30,	3,	0.04,	0.6,	300:	0.12957
30,	3,	0.02,	0.7,	450:	0.12774
30,	5,	0.02,	0.6,	600:	0.12954
30,	10,	0.1,	0.3,	300:	0.12938
30,	20,	0.04,	0.6,	450:	0.12894
30,	2,	0.18,	0.49,	690:	0.12984
30,	3,	0.16,	0.42,	507:	0.12890
30,	20,	0.12,	0.42,	112:	0.12811
30,	18,	0.18,	0.27,	115:	0.12996
30,	17,	0.15,	0.20,	107:	0.12858
30,	15,	0.08,	0.08,	17:	0.13005
30,	9,	0.09,	0.88,	91:	0.12906
30,	16,	0.06,	0.42,	109:	0.12863
30,	5,	0.20,	0.99,	64:	0.12958
30,	4,	0.10,	0.96,	100:	0.12922
30,	6,	0.13,	0.73,	48:	0.12911
30,	17,	0.15,	0.27,	89:	0.13017
30,	4,	0.14,	0.44,	9:	0.12865
30,	16,	0.04,	0.98,	44:	0.12975
30,	17,	0.18,	0.98,	81:	0.12895
30,	17,	0.10,	0.49,	50:	0.12866
30,	18,	0.10,	0.79,	21:	0.12914
30,	8,	0.05,	0.95,	19:	0.13010
30,	7,	0.17,	1.00,	24:	0.12858
30,	9,	0.05,	0.86,	109:	0.12954
30,	9,	0.16,	0.94,	38:	0.12959
--- using time < 30 ---
30,	6,	0.16,	0.21,	55:	0.12775
30,	19,	0.11,	0.50,	69:	0.12807
30,	10,	0.09,	0.45,	74:	0.12858
30,	10,	0.03,	0.25,	95:	0.12815
30,	17,	0.17,	0.91,	93:	0.12823
30,	10,	0.01,	0.80,	104:	0.12786
30,	8,	0.10,	0.31,	49:	0.12824
30,	10,	0.11,	0.38,	44:	0.12826
30,	4,	0.03,	0.44,	40:	0.12830
30,	20,	0.02,	0.32,	59:	0.12746
30,	3,	0.02,	0.26,	39:	0.12649
30,	5,	0.13,	0.41,	88:	0.12808
30,	9,	0.04,	0.20,	61:	0.12776
30,	8,	0.16,	0.56,	60:	0.12845
30,	5,	0.18,	0.45,	31:	0.12815
30,	13,	0.09,	0.21,	50:	0.12775
30,	13,	0.06,	0.69,	60:	0.12827
30,	5,	0.13,	0.60,	37:	0.12863
30,	5,	0.03,	0.87,	5:	0.12766
30,	11,	0.01,	0.56,	8:	0.12804
30,	6,	0.13,	0.53,	44:	0.12743
30,	10,	0.08,	0.59,	43:	0.12812
30,	10,	0.14,	0.62,	34:	0.12839
30,	8,	0.09,	0.30,	47:	0.12785
30,	8,	0.01,	0.40,	35:	0.12784
30,	5,	0.04,	0.61,	43:	0.12763
30,	7,	0.01,	0.70,	52:	0.12841
30,	2,	0.13,	0.62,	8:	0.12861
30,	9,	0.02,	0.51,	26:	0.12888
30,	9,	0.00,	0.67,	20:	0.12804
30,	11,	0.08,	0.37,	28:	0.12837
30,	12,	0.02,	0.90,	45:	0.12835
30,	5,	0.09,	0.52,	5:	0.12786
30,	12,	0.14,	0.36,	16:	0.12798
30,	12,	0.00,	0.70,	46:	0.12727
30,	5,	0.03,	0.55,	46:	0.12899
30,	4,	0.05,	0.88,	14:	0.12748
30,	2,	0.11,	0.94,	13:	0.12820
30,	9,	0.14,	0.87,	33:	0.12717
30,	10,	0.05,	0.45,	47:	0.12763
30,	7,	0.04,	0.75,	14:	0.12803
30,	6,	0.00,	0.90,	5:	0.12744
30,	12,	0.08,	0.52,	25:	0.12751
30,	10,	0.08,	0.88,	35:	0.12793
30,	5,	0.06,	0.77,	35:	0.12829
30,	6,	0.03,	0.93,	24:	0.12712
30,	9,	0.07,	0.89,	18:	0.12822
30,	12,	0.10,	1.00,	34:	0.12793
30,	3,	0.09,	0.73,	16:	0.12842
30,	1,	0.12,	0.58,	6:	0.12781
30,	1,	0.14,	0.71,	11:	0.12843
30,	7,	0.06,	0.50,	52:	0.12833
30,	3,	0.10,	0.95,	24:	0.12830
30,	8,	0.00,	0.41,	30:	0.12724
30,	3,	0.01,	0.31,	31:	0.12865
30,	7,	0.04,	0.98,	60:	0.12805
30,	3,	0.14,	0.57,	28:	0.12733
30,	12,	0.03,	0.88,	20:	0.12754
30,	10,	0.07,	0.33,	8:	0.12832
30,	6,	0.13,	0.86,	54:	0.12756
30,	3,	0.01,	0.77,	23:	0.12720
30,	3,	0.05,	0.32,	7:	0.12710
30,	1,	0.07,	0.40,	52:	0.12815
30,	12,	0.10,	0.32,	32:	0.12839
30,	2,	0.02,	0.95,	22:	0.12775
30,	7,	0.06,	0.80,	59:	0.12778
30,	1,	0.09,	0.51,	33:	0.12710
30,	12,	0.02,	0.37,	44:	0.12848
30,	6,	0.03,	0.87,	13:	0.12873
30,	6,	0.02,	0.69,	42:	0.12984
30,	9,	0.06,	0.84,	43:	0.12859
30,	5,	0.10,	0.76,	12:	0.12796
30,	7,	0.11,	0.86,	36:	0.12832
30,	5,	0.07,	0.70,	30:	0.12802
30,	2,	0.05,	0.44,	55:	0.12789
30,	3,	0.34,	0.62,	44:	0.12784
--- deterministic
30,	4,	0.07,	0.76,	12:	0.12639
30,	3,	0.09,	0.57,	28:	0.12699
30,	3,	0.16,	0.55,	33:	0.12667
30,	12,	0.08,	0.51,	15:	0.12655
30,	3,	0.30,	0.45,	14:	0.12722
30,	3,	0.11,	0.39,	44:	0.12630
30,	4,	0.09,	0.87,	42:	0.12692
30,	5,	0.01,	0.53,	39:	0.12578
30,	10,	0.02,	0.36,	8:	0.12621
30,	3,	0.03,	0.70,	49:	0.12555
30,	6,	0.02,	0.61,	55:	0.12485
30,	6,	0.02,	0.35,	12:	0.12625
30,	2,	0.09,	0.56,	29:	0.12605
30,	5,	0.01,	0.99,	10:	0.12505
30,	7,	0.02,	0.94,	56:	0.12491
30,	4,	0.05,	0.83,	5:	0.12491
30,	6,	0.01,	0.44,	18:	0.12530
30,	1,	0.05,	0.35,	28:	0.12588
30,	7,	0.02,	0.53,	16:	0.12565
30,	12,	0.02,	0.73,	51:	0.12576
30,	8,	0.01,	0.97,	39:	0.12451
30,	1,	0.04,	0.69,	60:	0.12536
30,	4,	0.02,	0.99,	22:	0.12491
30,	9,	0.017,	0.71,	56:	0.12516
30,	6,	0.001,	0.82,	19:	0.12506
30,	6,	0.018,	0.97,	6:	0.12558
30,	12,	0.026,	0.82,	36:	0.12492
