0101100100
1100101000
1000101101
1001101111
1001101111
1101101010
0101100101
0001111000
0000111000
1101101001
0101100110
0101100110
0001101011
0001101011
0101100111
0101100111
1101100111
1101100111
1101100111
1101100111
1101100111
1101100111
1101100111
0000001000
1111001011
1001100011
1001100011
1001100011
1001100011
0100111110
0101101000
1100101100
1001101011
1101100110
1001100100
0101101001
0101101001
0001101110
1001101010
1001101010
1001101010
1101100101
1101100101
1101100000
1101100000
1101100000
1001100101
0101101010
0101101010
0101101010
0101101010
0001101111
1001101001
1001100110
0101101011
0101101011
0101101101
0101101101
0101101101
1101100011
1101100011
1101100011
1001100111
1001100111
1001100111
1001100111
1001100111
0101101100
0101101100
0101101100
