20,	0.3,	0.04,	0.4,	150:	-0.12678797845192497
20,	0.4,	0.06,	0.4,	150:	-0.12691773369163198
20,	0.3,	0.04,	0.4,	200:	-0.12645669114790248
20,	0.45,	0.04,	0.6,	150:	-0.12620013768051275
20,	0.7,	0.04,	0.6,	150:	-0.12477041227409412
20,	0.4,	0.06,	0.9,	150:	-0.1271763284745371
20,	0.4,	0.04,	0.6,	200:	-0.12608440735376691
20,	0.3,	0.05,	0.2,	150:	-0.12697858992274774
20,	0.7,	0.1,	0.9,	150:	-0.12654399011480202
20,	0.7,	0.04,	0.6,	150:	-0.125
20,	0.75,	0.04,	0.6,	150:	-0.124
20,	0.65,	0.04,	0.6,	150:	-0.125
20,	0.7,	0.02,	0.6,	150:	-0.124
20,	0.7,	0.08,	0.6,	150:	-0.126
20,	0.7,	0.04,	0.75,	150:	-0.125
20,	0.7,	0.04,	0.45,	150:	-0.125
20,	0.75,	0.02,	0.6,	150:	-0.12363
20,	0.75,	0.1,	0.6,	150:	-0.12601
20,	0.75,	0.08,	0.3,	150:	-0.12556
20,	0.75,	0.08,	0.6,	150:	-0.12528
20,	0.75,	0.02,	0.6,	150:	-0.12362
20,	0.75,	0.04,	0.6,	150:	-0.12403
20,	0.8,	0.02,	0.6,	150:	-0.12347
20,	0.7,	0.02,	0.6,	150:	-0.12387
20,	0.75,	0.02,	0.7,	150:	-0.12324
20,	0.75,	0.02,	0.6,	150:	-0.12436
20,	0.9,	0.04,	0.6,	150:	-0.12408
20,	0.75,	0.02,	0.7,	150:	-0.12359
20,	0.7,	0.02,	0.75,	150:	-0.12389
20,	0.8,	0.02,	0.7,	150:	-0.12451
20,	0.75,	0.02,	0.65,	150:	-0.12361
20,	0.75,	0.03,	0.7,	150:	-0.12388
20,	0.75,	0.01,	0.7,	150:	-0.12373
